0)      452  712  996  646  40  1  958  553  
1)      661  844  781  163  698  239  57  
2)      139  282  301  
3)      518  918  472  172  776  207  38  860  274  945  162  
4)      845  896  153  
5)      740  21  303  744  190  173  395  729  925  172  566  193  
6)      967  164  91  192  292  414  215  
7)      238  661  149  299  644  919  661  760  110  
8)      742  125  696  523  166  496  462  
9)      588  867  945  457  505  875  965  190  671  
10)     24  278  934  569  180  
11)     151  242  807  900  417  886  
12)     330  729  105  482  679  749  
13)     995  689  604  696  489  
14)     336  287  17  468  869  673  480  860  23  435  
15)     552  529  271  864  848  771  216  
16)     262  185  56  362  
17)     250  507  112  556  754  841  959  2  248  232  527  
18)     478  627  175  960  790  503  
19)     930  451  248  20  285  203  904  184  
20)     531  30  435  772  234  542  706  351  571  
21)     313  807  398  540  867  
22)     34  231  934  802  120  965  424  974  53  619  
23)     504  640  127  671  538  151  498  914  
24)     562  835  500  
25)     787  122  149  227  335  863  396  941  230  847  215  49  73  
26)     843  240  352  830  11  819  
27)     66  501  39  513  482  
28)     160  437  797  551  337  383  735  546  
29)     184  67  476  336  426  960  684  
30)     473  449  890  834  
31)     498  887  147  260  965  939  894  659  
32)     163  237  858  184  33  705  993  139  791  955  639  668  
33)     128  677  899  
34)     613  208  837  554  635  927  392  761  300  42  68  969  
35)     389  851  90  231  182  
36)     286  296  313  656  758  294  722  689  853  
37)     546  698  664  190  637  10  758  753  827  777  
38)     490  961  31  781  690  285  
39)     421  720  133  298  933  805  461  531  888  965  
40)     923  310  219  107  186  691  89  695  946  
41)     867  87  9  432  678  819  670  
42)     673  809  127  422  954  516  291  685  661  163  
43)     648  325  709  219  
44)     132  439  134  188  134  257  38  300  77  707  
45)     298  602  940  986  438  710  594  919  
46)     77  305  941  126  637  549  
47)     876  516  467  981  726  737  434  149  776  
48)     474  506  58  92  37  633  605  239  72  
49)     148  262  748  995  
50)     655  254  566  628  356  769  805  
51)     229  48  251  733  593  148  59  
52)     69  758  477  654  173  543  
53)     624  124  980  233  278  799  260  130  741  
54)     373  436  552  423  
55)     733316  93  606  994  316  824  654  860  947  956  470  550  682  
56)     487  185  955  364  874  865  756  
57)     512  702  852  595  357  620  814  107  
58)     275  840  57  71  540  616  899  627  435  
59)     483  363  832  855  
60)     661  36  49  245  434  237  
61)     398  773  131  248  300  627  261  621  780  599  
62)     855  517  721  714  195  701  612  
63)     855  943  182  726  274  6  799  972  
64)     92  781  542  
65)     249  834  190  216  263  72  413  829  
66)     773  510  211  988  488  214  
67)     508  144  873  403  484  606  533  918  421  230  528  
68)     650  34  74  119  25  828  68  
69)     275  768  805  112  237  855  20  773  987  814  
70)     929  669  363  229  402  646  
71)     897  528  662  436  282  863  
72)     311  902  118  679  710  314  181  345  530  388  791  347  
73)     74  237  900  604  455  485  548  477  
74)     734  440  989  902  431  
75)     279  949  659  952  797  795  4  960  568  491  
76)     549  670  254  184  42  129  121  486  
77)     486  846  757  699  829  
78)     88  321  4  535  594  511  167  853  87  763  
79)     303  265  697  462  360  163  528  774  770  891  
80)     731  278  667  328  591  31  
81)     420  650  21  918  317  471  47  384  83  15  
82)     234  219  303  700  348  403  419  82  
83)     798  857  203  746  
84)     768  527  77  623  393  832  647  773  421  402  29  370  
85)     175  564  681  37  832  
86)     187  46  817  893  139  253  436  619  772  532  
87)     165  910  647  511  143  784  416  373  
88)     442  834  566  876  34  507  348  590  
89)     157  344  988  745  867  526  109  331  254  
90)     456  375  846  656  
91)     266  893  441  686  2  455  748  980  726  76  
92)     59  389  427  645  551  167  130  
93)     10  642  536  29  566  72  904  935  155  360  703  252  870  739  
94)     252  158  695  949  
95)     830  758  917  377  519  622  439  802  481  231  
96)     823  563  167  334  
97)     418  49  209  495  783  185  418  470  289  
98)     60  559  599  170  884  387  
99)     61  954  331  695  958  891  
100)    396  947  234  994  981  85  819  435  594  592  
101)    605  16  907  629  958  950  321  671  
102)    867  821  987  928  275  687  904  864  960  111  148  
103)    494  410  517  700  714  988  445  473  
104)    138  221  970  717  26  749  253  330  214  293  
105)    636  180  532  403  
106)    684  242  653  822  575  133  440  
107)    685  658  224  118  322  615  981  
108)    856  843  816  448  83  824  839  568  989  562  594  21  833  
109)    708  355  437  944  185  286  723  552  
110)    73  230  927  137  754  490  782  945  682  
111)    616  595  84  80  383  
112)    357  492  771  68  927  363  262  69  224  882  785  313  
113)    391  865  947  583  120  449  557  
114)    610  240  875  297  717  941  92  
115)    874  180  107  453  561  738  758  168  835  
116)    650  230  980  605  396  753  642  537  
117)    149  797  219  743  333  882  40  
118)    103  348  99  25  749  950  
119)    719  175  652  565  191  575  583  223  
120)    295  358  806  520  118  632  709  
121)    735  338  980  315  630  762  
122)    761  408  971  246  307  949  
123)    194  301  857  752  680  188  
124)    551  689  29  345  75  898  625  732  876  
125)    487  326  71  
126)    42  976  233  224  270  540  114  972  950  
127)    667  915  283  161  764  178  634  569  945  340  
128)    550  973  694  209  228  179  832  67  448  
129)    337  284  656  433  126  860  857  411  977  
130)    815  896  993  309  735  985  797  842  93  
131)    424  348  94  82  25  46  380  618  902  142  972  906  96  
132)    12  340  46  756  327  897  435  546  
133)    185  654  772  959  581  13  918  388  895  
134)    90  915  758  664  885  564  160  830  869  474  
135)    510  813  795  210  438  786  77  
136)    984  712  83  130  545  
137)    519  16  42  822  486  214  985  480  798  249  
138)    369  317  703  341  659  
139)    595  566  847  456  791  533  